<?xml version="1.0"?>
<opencv_storage>
<images>
    Image__2018-09-17__16-46-28.png
    Image__2018-09-17__16-46-37.png
    Image__2018-09-17__16-46-52.png
    Image__2018-09-17__16-46-59.png
    Image__2018-09-17__16-47-10.png
    Image__2018-09-17__16-47-16.png
    Image__2018-09-17__16-47-26.png
    Image__2018-09-17__16-47-34.png
    Image__2018-09-17__16-47-43.png
    Image__2018-09-17__16-47-50.png
    Image__2018-09-17__16-47-59.png
    Image__2018-09-17__16-48-06.png
    Image__2018-09-17__16-48-19.png
    Image__2018-09-17__16-48-25.png
    Image__2018-09-17__16-48-32.png
    Image__2018-09-17__16-48-40.png
    Image__2018-09-17__16-48-54.png
    Image__2018-09-17__16-49-01.png
    Image__2018-09-17__16-49-12.png
    Image__2018-09-17__16-49-21.png
</images>
</opencv_storage>
