<?xml version="1.0"?>
<opencv_storage>
<images>
    Image__2018-09-17__16-43-16.png
    Image__2018-09-17__16-43-26.png
    Image__2018-09-17__16-43-36.png
    Image__2018-09-17__16-43-43.png
    Image__2018-09-17__16-43-53.png
    Image__2018-09-17__16-44-03.png
    Image__2018-09-17__16-44-12.png
    Image__2018-09-17__16-44-21.png
    Image__2018-09-17__16-44-43.png
    Image__2018-09-17__16-44-48.png
    Image__2018-09-17__16-44-56.png
    Image__2018-09-17__16-45-05.png
    Image__2018-09-17__16-45-17.png
    Image__2018-09-17__16-45-24.png
    Image__2018-09-17__16-45-33.png
    Image__2018-09-17__16-45-41.png
    Image__2018-09-17__16-45-49.png
    Image__2018-09-17__16-45-57.png
    Image__2018-09-17__16-46-05.png
    Image__2018-09-17__16-46-14.png
</images>
</opencv_storage>
