<?xml version="1.0"?>
<opencv_storage>
<images>
    Image__2018-09-17__16-38-56.png
    Image__2018-09-17__16-39-17.png
    Image__2018-09-17__16-39-30.png
    Image__2018-09-17__16-39-38.png
    Image__2018-09-17__16-40-00.png
    Image__2018-09-17__16-40-10.png
    Image__2018-09-17__16-40-20.png
    Image__2018-09-17__16-40-28.png
    Image__2018-09-17__16-40-42.png
    Image__2018-09-17__16-40-49.png
    Image__2018-09-17__16-40-59.png
    Image__2018-09-17__16-41-11.png
    Image__2018-09-17__16-41-31.png
    Image__2018-09-17__16-41-44.png
    Image__2018-09-17__16-41-58.png
    Image__2018-09-17__16-42-16.png
    Image__2018-09-17__16-42-34.png
    Image__2018-09-17__16-42-46.png
    Image__2018-09-17__16-42-56.png
    Image__2018-09-17__16-43-05.png
</images>
</opencv_storage>
